

################### For single ages year age groups #####################

# Vector of population for males
pop_m <-
  c(46011,46514,48735,53185,57403,60020,63472,64955,65268,61853,60372,56365,55737,54188,51960,50854,51302,51310,52906,52011,50482,52187,53403,56249,59642,59454,60947,61687,59757,59948,63005,67548,68574,69056,68923,64527,61492,59630,58540,59615,59451,59775,60793,59447,58431,60118,59595,59054,61898,63808,65958,66805,67780,67466,66619,62014,56901,50008,47556,47461,45041,42714,40984,39320,37387,36423,37212,36594,36499,35006,35263,33928,33718,33577,32654,32342,30482,31057,30845,23826,21610,20155,18066,15752,14433.59,12565.72,10606.96,8911.94,7299.2,5877.03,4414.61,3413.12,2429.45,1701.38,1173,823,540,332,187,115,133,
    45309,46291,46652,48893,53295,57477,60109,63588,65113,65406,61972,60506,56490,55876,54329,52138,50992,51514,51417,53036,52080,50558,52339,53620,56529,59958,59699,61147,61921,59900,60083,63142,67572,68719,69057,68920,64522,61450,59574,58477,59496,59341,59681,60676,59338,58304,59960,59475,58840,61668,63597,65714,66546,67507,67153,66213,61645,56536,49656,47191,47017,44638,42259,40541,38794,36789,35827,36530,35863,35671,34119,34278,32821,32595,32348,31216,30866,28957,29257,28872,22116,19872,18353,16218,14027,12714.59,10894.72,8955.96,7456.94,5964.2,4659.03,3481.61,2579.12,1815.45,1208.38,834,547,358,213,119,141,
    46764,45641,46503,46902,49080,53464,57625,60277,63755,65302,65588,62175,60765,56697,56080,54532,52392,51201,51730,51581,53199,52292,50866,52734,54154,57028,60395,60091,61449,62287,60254,60359,63366,67716,68870,69188,69053,64574,61542,59641,58485,59539,59334,59663,60670,59303,58237,59869,59322,58712,61537,63422,65494,66298,67198,66857,65848,61287,56194,49291,46796,46586,44233,41804,40030,38222,36251,35201,35895,35039,34813,33233,33288,31712,31451,31048,29834,29311,27348,27458,26887,20484,18136,16584,14466,12372,10974.59,9236.72,7498.96,6149.94,4836.2,3683.03,2642.61,1898.12,1318.45,845.38,536,358,228,127,155,
    47214,47187,45911,46749,47174,49297,53704,57797,60499,63980,65488,65854,62407,61039,56953,56322,54784,52659,51464,51924,51788,53427,52569,51300,53292,54680,57583,60869,60499,61883,62701,60620,60721,63617,67914,69044,69319,69192,64703,61595,59677,58618,59555,59294,59661,60596,59275,58151,59769,59190,58588,61375,63243,65259,66010,66917,66522,65478,60878,55819,48910,46398,46164,43766,41301,39450,37643,35650,34550,35151,34283,33931,32268,32267,30604,30201,29709,28390,27797,25751,25507,24892,18733,16478,14772,12844,10744,9438.59,7775.72,6165.96,4955.94,3732.2,2837.03,1931.61,1386.12,928.45,567.38,330,222,140,152,
    49275,47631,47449,46190,47047,47404,49544,53918,58034,60706,64210,65720,66135,62678,61290,57198,56598,55088,52949,51653,52139,52029,53944,53130,51965,53855,55288,58066,61339,60942,62297,63041,60923,61052,63910,68152,69190,69502,69310,64788,61649,59764,58642,59590,59320,59636,60604,59214,58086,59681,59092,58416,61149,63023,65019,65725,66601,66155,65087,60415,55381,48519,46006,45689,43267,40773,38877,37005,35010,33827,34321,33438,33027,31233,31135,29419,28913,28302,26841,26193,23948,23648,22779,16970,14815,13035,11171,9106,7901.59,6376.72,4935.96,3914.94,2856.2,2091.03,1343.61,978.12,621.45,355.38,206,134,158,
    51138,49687,47852,47680,46438,47322,47587,49748,54127,58274,60944,64393,65920,66380,62910,61546,57461,56887,55386,53137,51846,52409,52501,54561,53777,52613,54324,55770,58540,61714,61327,62604,63342,61217,61231,64056,68304,69360,69569,69287,64913,61657,59692,58662,59591,59284,59608,60531,59084,57967,59520,58920,58275,60914,62775,64722,65380,66266,65776,64672,59973,54971,48023,45558,45202,42665,40145,38251,36338,34308,33048,33427,32529,31994,30152,30008,28174,27503,26855,25325,24466,22200,21645,20660,15182,13146,11340,9582,7641,6509.59,5193.72,3942.96,2971.94,2153.2,1531.03,964.61,660.12,384.45,225.38,133,168,
    52037,51460,49910,48059,47877,46626,47510,47765,49940,54321,58481,61124,64585,66113,66551,63125,61740,57660,57117,55563,53308,52116,52854,53141,55164,54451,53228,54824,56254,58916,61992,61571,62778,63495,61412,61329,64151,68445,69263,69559,69279,64884,61579,59679,58620,59564,59190,59496,60390,58940,57789,59335,58709,58087,60662,62447,64402,64951,65874,65357,64197,59441,54478,47559,45068,44602,42045,39511,37572,35595,33573,32234,32520,31598,30940,29081,28858,26921,26166,25390,23808,22760,20446,19821,18588,13518,11538,9807,8085,6317,5332.59,4143.72,3056.96,2234.94,1576.2,1106.03,666.61,449.12,252.45,128.38,173,
    52135,52476,51641,50081,48207,48036,46782,47628,47971,50044,54481,58658,61303,64765,66293,66740,63290,61943,57850,57260,55710,53562,52637,53643,53936,55904,55213,53850,55348,56727,59376,62391,61828,63065,63660,61621,61449,64245,68522,69253,69609,69227,64900,61549,59669,58555,59458,59118,59386,60260,58809,57656,59182,58462,57790,60371,62115,64025,64595,65432,64821,63645,58896,53957,47036,44481,43972,41360,38833,36853,34835,32821,31426,31615,30511,29780,27975,27598,25592,24683,23781,22099,21031,18591,17927,16484,11883,9905,8270,6715,5119,4237.59,3242.72,2267.96,1582.94,1105.2,759.03,442.61,293.12,159.45,187.38,
    54684,52730,52925,52057,50472,48506,48509,47110,48009,48357,50436,54929,59025,61708,65166,66672,67172,63729,62364,58240,57733,56425,54503,53887,54949,55071,57098,56200,54757,56183,57472,59954,63080,62324,63689,64108,62167,61730,64522,68782,69481,69807,69345,65088,61666,59757,58700,59456,59116,59376,60225,58724,57527,58972,58267,57567,60104,61790,63637,64191,64973,64312,63066,58312,53411,46426,43844,43340,40724,38154,36108,34067,31942,30585,30692,29424,28681,26757,26289,24177,23248,22129,20394,19299,16773,15983,14416,10342,8377,6904,5437,4081,3297.59,2435.72,1705.96,1135.94,781.2,496.03,296.61,173.12,205.83,
    55427,55242,53140,53368,52417,50809,48946,48864,47516,48396,48776,50878,55344,59407,62045,65580,67281,67882,64281,62724,58644,58335,57323,55781,55288,56233,56220,58145,57236,55710,57016,58225,60706,63731,62908,64245,64574,62635,62129,64924,69069,69797,69987,69487,65250,61813,59865,58787,59504,59105,59379,60134,58569,57411,58802,58074,57322,59820,61451,63257,63758,64522,63785,62464,57661,52790,45798,43215,42631,40063,37397,35379,33295,31074,29718,29722,28296,27550,25448,24966,22753,21700,20439,18669,17507,14996,14100,12528,8826,7027,5612,4337,3163,2501.59,1738.72,1210.96,750.94,544.2,318.03,181.61,210.95,
    56528,56162,55789,53638,53870,52819,51221,49360,49307,47970,48790,49197,51329,55769,59919,62549,66175,67953,68411,64643,63152,59088,59128,58441,56997,56507,57291,57286,59076,58162,56473,57777,58936,61243,64195,63406,64664,64851,62994,62475,65140,69208,69947,70109,69590,65308,61846,59891,58773,59425,59010,59277,60015,58384,57222,58607,57850,57028,59495,61075,62811,63294,63989,63231,61809,57004,52106,45155,42586,41852,39304,36610,34559,32464,30143,28720,28687,27181,26297,24186,23559,21196,20080,18714,16918,15705,13254,12229,10677,7391,5720,4540,3389,2355,1826.59,1271.72,816.96,510.94,359.2,208.03,218.56,
    57720,57188,56635,56210,54073,54261,53193,51641,49753,49726,48339,49239,49596,51849,56215,60461,63344,66904,68513,68789,65092,63694,60203,60518,59998,58452,57899,58534,58288,60107,58993,57266,58502,59544,61838,64743,63871,65097,65178,63352,62786,65436,69359,70120,70229,69650,65460,61913,59934,58819,59410,58968,59214,59893,58261,57088,58418,57604,56726,59160,60747,62429,62795,63483,62686,61125,56320,51438,44546,41911,41115,38544,35827,33680,31534,29167,27724,27557,25953,25017,22816,22049,19689,18512,17004,15185,13898,11538,10459,8928,6108,4622,3545,2552,1705,1285.59,880.72,545.96,325.94,214.2,236.59,
